  0.00000000000000000	     0.0000000000000000
  0.60000000000000031        6.4799999999999063     
  0.61000000000000032        6.4899999999999061     
  0.62000000000000033        6.4899999999999061     
  0.63000000000000034        6.4999999999999059     
  0.64000000000000035        6.4999999999999059     
  0.65000000000000036        6.5099999999999056     
  0.66000000000000036        6.5099999999999056     
  0.67000000000000037        6.5199999999999054     
  0.68000000000000038        6.5299999999999052     
  0.69000000000000039        6.5299999999999052     
  0.70000000000000040        6.5399999999999050     
  0.71000000000000041        6.5499999999999048     
  0.72000000000000042        6.5499999999999048     
  0.73000000000000043        6.5599999999999046     
  0.74000000000000044        6.5699999999999044     
  0.75000000000000044        6.5699999999999044     
  0.76000000000000045        6.5799999999999041     
  0.77000000000000046        6.5899999999999039     
  0.78000000000000047        6.5899999999999039     
  0.79000000000000048        6.5999999999999037     
  0.80000000000000049        6.6099999999999035     
  0.81000000000000050        6.6199999999999033     
  0.82000000000000051        6.6199999999999033     
  0.83000000000000052        6.6299999999999031     
  0.84000000000000052        6.6399999999999029     
  0.85000000000000053        6.6499999999999027     
  0.86000000000000054        6.6599999999999024     
  0.87000000000000055        6.6599999999999024     
  0.88000000000000056        6.6699999999999022     
  0.89000000000000057        6.6799999999999020     
  0.90000000000000058        6.6899999999999018     
  0.91000000000000059        6.6999999999999016     
  0.92000000000000060        6.7099999999999014     
  0.93000000000000060        6.7199999999999012     
  0.94000000000000061        6.7299999999999010     
  0.95000000000000062        6.7299999999999010     
  0.96000000000000063        6.7399999999999007     
  0.97000000000000064        6.7499999999999005     
  0.98000000000000065        6.7599999999999003     
  0.99000000000000066        6.7699999999999001     
   1.0000000000000007        6.7799999999998999     
   1.0100000000000007        6.7899999999998997     
   1.0200000000000007        6.7999999999998995     
   1.0300000000000007        6.8199999999998990     
   1.0400000000000007        6.8299999999998988     
   1.0500000000000007        6.8399999999998986     
   1.0600000000000007        6.8499999999998984     
   1.0700000000000007        6.8599999999998982     
   1.0800000000000007        6.8699999999998980     
   1.0900000000000007        6.8799999999998978     
   1.1000000000000008        6.8899999999998975     
   1.1100000000000008        6.9099999999998971     
   1.1200000000000008        6.9199999999998969     
   1.1300000000000008        6.9299999999998967     
   1.1400000000000008        6.9399999999998965     
   1.1500000000000008        6.9599999999998960     
   1.1600000000000008        6.9699999999998958     
   1.1700000000000008        6.9799999999998956     
   1.1800000000000008        6.9899999999998954     
   1.1900000000000008        7.0099999999998950     
   1.2000000000000008        7.0199999999998948     
   1.2100000000000009        7.0399999999998943     
   1.2200000000000009        7.0499999999998941     
   1.2300000000000009        7.0599999999998939     
   1.2400000000000009        7.0799999999998935     
   1.2500000000000009        7.0899999999998933     
   1.2600000000000009        7.1099999999998929     
   1.2700000000000009        7.1199999999998926     
   1.2800000000000009        7.1399999999998922     
   1.2900000000000009        7.1499999999998920     
   1.3000000000000009        7.1699999999998916     
   1.3100000000000009        7.1899999999998911     
   1.3200000000000010        7.1999999999998909     
   1.3300000000000010        7.2199999999998905     
   1.3400000000000010        7.2399999999998901     
   1.3500000000000010        7.2499999999998899     
   1.3600000000000010        7.2699999999998894     
   1.3700000000000010        7.2899999999998890     
   1.3800000000000010        7.2999999999998888     
   1.3900000000000010        7.3199999999998884     
   1.4000000000000010        7.3399999999998879     
   1.4100000000000010        7.3599999999998875     
   1.4200000000000010        7.3799999999998871     
   1.4300000000000010        7.3999999999998867     
   1.4400000000000011        7.4199999999998862     
   1.4500000000000011        7.4399999999998858     
   1.4600000000000011        7.4599999999998854     
   1.4700000000000011        7.4799999999998850     
   1.4800000000000011        7.4999999999998845     
   1.4900000000000011        7.5199999999998841     
   1.5000000000000011        7.5399999999998837     
   1.5100000000000011        7.5599999999998833     
   1.5200000000000011        7.5899999999998826     
   1.5300000000000011        7.6099999999998822     
   1.5400000000000011        7.6299999999998818     
   1.5500000000000012        7.6499999999998813
   3.1415926535897932        999999999999999999
