   0.0000000000000000        0.0000000000000000     
  0.10000000000000001        2.6175000000000148125
  0.20000000000000001        2.6394117647058612941176470588235
  0.30000000000000004        2.7475000000001675
  0.40000000000000002        2.9000000000000534285714285714286
  0.50000000000000000        3.0741666666667691666666666666667
  0.59999999999999998        3.0999999999999779     
  0.69999999999999996        3.3566666666667248333333333333333
  0.79999999999999993        3.76950000000008315
  0.89999999999999991        3.806000000000035
  0.99999999999999989        4.00999999999993675
   1.0999999999999999        4.2080000000000978
   1.2000000000000000        4.3933333333332543333333333333333
   1.3000000000000000        4.5733333333332506666666666666667
   1.4000000000000001        4.74499999999992105
   1.5000000000000002        4.9140000000002082
   1.6000000000000003        5.0699999999999363     
   1.7000000000000004        5.2199999999999331     
   1.8000000000000005        5.3833333333332416666666666666667
   1.9000000000000006        5.5199999999999267     
   2.0000000000000004        5.673333333333287
   2.1000000000000005        5.8099999999998985
   2.2000000000000006        5.9499999999998955
   2.3000000000000007        6.0849999999998925
   2.4000000000000008        6.2099999999999120     
   2.5000000000000009        6.339999999999887
   2.6000000000000010        6.4599999999999067     
   2.7000000000000011        6.5799999999999041     
   2.8000000000000012        6.7133333333334496666666666666667
   2.9000000000000012        6.8299999999998765
   3.0000000000000013        6.9500000000001533333333333333333
   3.1000000000000014        7.0599999999998939     
   3.2000000000000015        7.1699999999998916     
   3.3000000000000016        7.284999999999867
   3.4000000000000017        7.3899999999998869     
   3.5000000000000018        7.504999999999862
   3.6000000000000019        7.5999999999998824     
   3.7000000000000020        7.7149999999998575
   3.8000000000000020        7.8199999999998555
   3.9000000000000021        7.9099999999998758     
   4.0000000000000018        8.0099999999998737     
   4.1000000000000014        8.1099999999998715     
   4.2000000000000011        8.2099999999998694     
   4.3000000000000007        8.3099999999998673     
   4.4000000000000004        8.3999999999998654     
   4.5000000000000000        8.5049999999999296
   4.5999999999999996        8.5999999999999445
   4.6999999999999993        8.6899999999998592     
   4.7999999999999989        8.7799999999998573     
   4.8999999999999986        8.8749999999999875
   4.9999999999999982        8.9599999999998534     
   5.0999999999999979        9.0550000000000155
   5.1999999999999975        9.1399999999998496     
   5.2999999999999972        9.230000000000043
   5.3999999999999968        9.3099999999998460     
   5.4999999999999964        9.3999999999998440     
   5.5999999999999961        9.4900000000000835
   5.6999999999999957        9.5699999999998404     
   5.7999999999999954        9.6499999999998387     
   5.8999999999999950        9.7299999999998370     
   5.9999999999999947        9.825000000000136
   6.0999999999999943        9.8899999999998336     
   6.1999999999999940        9.9799999999998317     
   6.2999999999999936        10.059999999999830     
   6.3999999999999932        10.129999999999828     
   6.4999999999999929        10.209999999999827     
   6.5999999999999925        10.289999999999825     
   6.6999999999999922        10.369999999999823     
   6.7999999999999918        10.449999999999822     
   6.8999999999999915        10.519999999999820     
   6.9999999999999911        10.599999999999818     
   7.0999999999999908        10.669999999999817     
   7.1999999999999904        10.749999999999815     
   7.2999999999999901        10.819999999999814     
   7.3999999999999897        10.899999999999812     
   7.4999999999999893        10.969999999999811     
   7.5999999999999890        11.039999999999809     
   7.6999999999999886        11.119999999999807     
   7.7999999999999883        11.189999999999806     
   7.8999999999999879        11.259999999999804     
   7.9999999999999876        11.329999999999803     
   8.0999999999999872        11.399999999999801     
   8.1999999999999869        11.469999999999800     
   8.2999999999999865        11.539999999999798     
   8.3999999999999861        11.609999999999797     
   8.4999999999999858        11.679999999999795     
   8.5999999999999854        11.749999999999794     
   8.6999999999999851        11.809999999999793     
   8.7999999999999847        11.879999999999791     
   8.8999999999999844        11.949999999999790     
   8.9999999999999840        12.019999999999788     
   9.0999999999999837        12.079999999999787     
   9.1999999999999833        12.149999999999785     
   9.2999999999999829        12.209999999999784     
   9.3999999999999826        12.279999999999783     
   9.4999999999999822        12.339999999999781     
   9.5999999999999819        12.409999999999780     
   9.6999999999999815        12.469999999999779     
   9.7999999999999812        12.539999999999777     
   9.8999999999999808        12.599999999999776     
   9.9999999999999805        12.659999999999775     
   10.099999999999980        12.729999999999773     
   10.199999999999980        12.789999999999772     
   10.299999999999979        12.849999999999770     
   10.399999999999979        12.919999999999769     
   10.499999999999979        12.979999999999768     
   10.599999999999978        13.039999999999766     
   10.699999999999978        13.099999999999765     
   10.799999999999978        13.159999999999764     
   10.899999999999977        13.219999999999763     
   10.999999999999977        13.279999999999761     
   11.099999999999977        13.339999999999760     
   11.199999999999976        13.399999999999759     
   11.299999999999976        13.459999999999757     
   11.399999999999975        13.519999999999756     
   11.499999999999975        13.579999999999755     
   11.599999999999975        13.639999999999754     
   11.699999999999974        13.699999999999752     
   11.799999999999974        13.759999999999751     
   11.899999999999974        13.809999999999750     
   11.999999999999973        13.869999999999749     
   12.099999999999973        13.929999999999747     
   12.199999999999973        13.989999999999746     
   12.299999999999972        14.039999999999745     
   12.399999999999972        14.099999999999744     
   12.499999999999972        14.159999999999743     
   12.599999999999971        14.209999999999742     
   12.699999999999971        14.269999999999740     
   12.799999999999971        14.329999999999739     
   12.899999999999970        14.379999999999738     
   12.999999999999970        14.439999999999737     
   13.099999999999969        14.489999999999736     
   13.199999999999969        14.549999999999734     
   13.299999999999969        14.599999999999733     
   13.399999999999968        14.659999999999732     
   13.499999999999968        14.709999999999731     
   13.599999999999968        14.769999999999730     
   13.699999999999967        14.819999999999729     
   13.799999999999967        14.869999999999727     
   13.899999999999967        14.929999999999726     
   13.999999999999966        14.979999999999725     
   14.099999999999966        15.029999999999724     
   14.199999999999966        15.089999999999723     
   14.299999999999965        15.139999999999722     
   14.399999999999965        15.189999999999721     
   14.499999999999964        15.249999999999719     
   14.599999999999964        15.299999999999718     
   14.699999999999964        15.349999999999717