  0.60000000000000031        12.659999999999775     
  0.61000000000000032        12.659999999999775     
  0.62000000000000033        12.659999999999775     
  0.63000000000000034        12.659999999999775     
  0.64000000000000035        12.659999999999775     
  0.65000000000000036        12.659999999999775     
  0.66000000000000036        12.659999999999775     
  0.67000000000000037        12.659999999999775     
  0.68000000000000038        12.659999999999775     
  0.69000000000000039        12.659999999999775     
  0.70000000000000040        12.659999999999775     
  0.71000000000000041        12.659999999999775     
  0.72000000000000042        12.659999999999775     
  0.73000000000000043        12.659999999999775     
  0.74000000000000044        12.659999999999775     
  0.75000000000000044        12.659999999999775     
  0.76000000000000045        12.659999999999775     
  0.77000000000000046        12.659999999999775     
  0.78000000000000047        12.659999999999775     
  0.79000000000000048        12.659999999999775     
  0.80000000000000049        12.659999999999775     
  0.81000000000000050        12.669999999999774     
  0.82000000000000051        12.669999999999774     
  0.83000000000000052        12.669999999999774     
  0.84000000000000052        12.669999999999774     
  0.85000000000000053        12.669999999999774     
  0.86000000000000054        12.669999999999774     
  0.87000000000000055        12.669999999999774     
  0.88000000000000056        12.669999999999774     
  0.89000000000000057        12.669999999999774     
  0.90000000000000058        12.669999999999774     
  0.91000000000000059        12.669999999999774     
  0.92000000000000060        12.669999999999774     
  0.93000000000000060        12.669999999999774     
  0.94000000000000061        12.669999999999774     
  0.95000000000000062        12.669999999999774     
  0.96000000000000063        12.669999999999774     
  0.97000000000000064        12.669999999999774     
  0.98000000000000065        12.669999999999774     
  0.99000000000000066        12.669999999999774     
   1.0000000000000007        12.669999999999774     
   1.0100000000000007        12.669999999999774     
   1.0200000000000007        12.669999999999774     
   1.0300000000000007        12.669999999999774     
   1.0400000000000007        12.669999999999774     
   1.0500000000000007        12.669999999999774     
   1.0600000000000007        12.669999999999774     
   1.0700000000000007        12.669999999999774     
   1.0800000000000007        12.669999999999774     
   1.0900000000000007        12.669999999999774     
   1.1000000000000008        12.669999999999774     
   1.1100000000000008        12.669999999999774     
   1.1200000000000008        12.669999999999774     
   1.1300000000000008        12.669999999999774     
   1.1400000000000008        12.669999999999774     
   1.1500000000000008        12.669999999999774     
   1.1600000000000008        12.669999999999774     
   1.1700000000000008        12.669999999999774     
   1.1800000000000008        12.669999999999774     
   1.1900000000000008        12.669999999999774     
   1.2000000000000008        12.669999999999774     
   1.2100000000000009        12.669999999999774     
   1.2200000000000009        12.669999999999774     
   1.2300000000000009        12.669999999999774     
   1.2400000000000009        12.669999999999774     
   1.2500000000000009        12.669999999999774     
   1.2600000000000009        12.669999999999774     
   1.2700000000000009        12.679999999999774     
   1.2800000000000009        12.679999999999774     
   1.2900000000000009        12.679999999999774     
   1.3000000000000009        12.679999999999774     
   1.3100000000000009        12.679999999999774     
   1.3200000000000010        12.679999999999774     
   1.3300000000000010        12.679999999999774     
   1.3400000000000010        12.679999999999774     
   1.3500000000000010        12.679999999999774     
   1.3600000000000010        12.679999999999774     
   1.3700000000000010        12.679999999999774     
   1.3800000000000010        12.679999999999774     
   1.3900000000000010        12.679999999999774     
   1.4000000000000010        12.679999999999774     
   1.4100000000000010        12.679999999999774     
   1.4200000000000010        12.679999999999774     
   1.4300000000000010        12.679999999999774     
   1.4400000000000011        12.679999999999774     
   1.4500000000000011        12.679999999999774     
   1.4600000000000011        12.679999999999774     
   1.4700000000000011        12.679999999999774     
   1.4800000000000011        12.679999999999774     
   1.4900000000000011        12.679999999999774     
   1.5000000000000011        12.679999999999774     
   1.5100000000000011        12.679999999999774     
   1.5200000000000011        12.679999999999774     
   1.5300000000000011        12.679999999999774     
   1.5400000000000011        12.679999999999774     
   1.5500000000000012        12.679999999999774     
   1.5600000000000012        12.679999999999774     
   1.5700000000000012        12.679999999999774     
   1.5800000000000012        12.679999999999774     
   1.5900000000000012        12.679999999999774     
   1.6000000000000012        12.679999999999774     
   1.6100000000000012        12.679999999999774     
   1.6200000000000012        12.679999999999774     
   1.6300000000000012        12.679999999999774     
   1.6400000000000012        12.679999999999774     
   1.6500000000000012        12.679999999999774     
   1.6600000000000013        12.679999999999774     
   1.6700000000000013        12.679999999999774     
   1.6800000000000013        12.679999999999774     
   1.6900000000000013        12.679999999999774     
   1.7000000000000013        12.679999999999774     
   1.7100000000000013        12.679999999999774     
   1.7200000000000013        12.679999999999774     
   1.7300000000000013        12.679999999999774     
   1.7400000000000013        12.679999999999774     
   1.7500000000000013        12.679999999999774     
   1.7600000000000013        12.679999999999774     
   1.7700000000000014        12.679999999999774     
   1.7800000000000014        12.679999999999774     
   1.7900000000000014        12.679999999999774     
   1.8000000000000014        12.679999999999774     
   1.8100000000000014        12.679999999999774     
   1.8200000000000014        12.679999999999774     
   1.8300000000000014        12.679999999999774     
   1.8400000000000014        12.679999999999774     
   1.8500000000000014        12.679999999999774     
   1.8600000000000014        12.679999999999774     
   1.8700000000000014        12.679999999999774     
   1.8800000000000014        12.679999999999774     
   1.8900000000000015        12.679999999999774     
   1.9000000000000015        12.679999999999774     
   1.9100000000000015        12.679999999999774     
   1.9200000000000015        12.679999999999774     
   1.9300000000000015        12.679999999999774     
   1.9400000000000015        12.679999999999774     
   1.9500000000000015        12.679999999999774     
   1.9600000000000015        12.679999999999774     
   1.9700000000000015        12.679999999999774     
   1.9800000000000015        12.679999999999774     
   1.9900000000000015        12.679999999999774     
   2.0000000000000013        12.679999999999774     
   2.0100000000000011        12.679999999999774     
   2.0200000000000009        12.679999999999774     
   2.0300000000000007        12.679999999999774     
   2.0400000000000005        12.679999999999774     
   2.0500000000000003        12.679999999999774     
   2.0600000000000001        12.679999999999774     
   2.0699999999999998        12.679999999999774     
   2.0799999999999996        12.679999999999774     
   2.0899999999999994        12.679999999999774     
   2.0999999999999992        12.679999999999774     
   2.1099999999999990        12.679999999999774     
   2.1199999999999988        12.679999999999774     
   2.1299999999999986        12.679999999999774     
   2.1399999999999983        12.679999999999774     
   2.1499999999999981        12.679999999999774     
   2.1599999999999979        12.679999999999774     
   2.1699999999999977        12.679999999999774     
   2.1799999999999975        12.679999999999774     
   2.1899999999999973        12.679999999999774     
   2.1999999999999971        12.679999999999774     
   2.2099999999999969        12.679999999999774     
   2.2199999999999966        12.679999999999774     
   2.2299999999999964        12.679999999999774     
   2.2399999999999962        12.679999999999774     
   2.2499999999999960        12.679999999999774     
   2.2599999999999958        12.679999999999774     
   2.2699999999999956        12.679999999999774     
   2.2799999999999954        12.679999999999774     
   2.2899999999999952        12.679999999999774     
   2.2999999999999949        12.679999999999774     
   2.3099999999999947        12.679999999999774     
   2.3199999999999945        12.679999999999774     
   2.3299999999999943        12.679999999999774     
   2.3399999999999941        12.679999999999774     
   2.3499999999999939        12.679999999999774     
   2.3599999999999937        12.679999999999774     
   2.3699999999999934        12.679999999999774     
   2.3799999999999932        12.679999999999774     
   2.3899999999999930        12.679999999999774     
   2.3999999999999928        12.679999999999774     
   2.4099999999999926        12.690000000000584     
   2.4199999999999924        12.690000000000584     
   2.4299999999999922        12.690000000000584     
   2.4399999999999920        12.690000000000584     
   2.4499999999999917        12.690000000000584     
   2.4599999999999915        12.690000000000584     
   2.4699999999999913        12.690000000000584     
   2.4799999999999911        12.690000000000584     
   2.4899999999999909        12.690000000000584     
   2.4999999999999907        12.690000000000584     
   2.5099999999999905        12.690000000000584     
   2.5199999999999902        12.690000000000584     
   2.5299999999999900        12.690000000000584     
   2.5399999999999898        12.690000000000584     
   2.5499999999999896        12.690000000000584     
   2.5599999999999894        12.690000000000584     
   2.5699999999999892        12.690000000000584     
   2.5799999999999890        12.690000000000584     
   2.5899999999999888        12.690000000000584     
   2.5999999999999885        12.690000000000584     
   2.6099999999999883        12.690000000000584     
   2.6199999999999881        12.690000000000584     
   2.6299999999999879        12.690000000000584     
   2.6399999999999877        12.690000000000584     
   2.6499999999999875        12.690000000000584     
   2.6599999999999873        12.690000000000584     
   2.6699999999999871        12.690000000000584     
   2.6799999999999868        12.690000000000584     
   2.6899999999999866        12.690000000000584     
   2.6999999999999864        12.690000000000584     
   2.7099999999999862        12.690000000000584     
   2.7199999999999860        12.690000000000584     
   2.7299999999999858        12.690000000000584     
   2.7399999999999856        12.690000000000331666666666666667     
   2.7499999999999853        12.690000000000331666666666666667     
   2.7599999999999851        12.690000000000331666666666666667     
   2.7699999999999849        12.690000000000331666666666666667     
   2.7799999999999847        12.690000000000331666666666666667     
   2.7899999999999845        12.6919999999991888     
   2.7999999999999843        12.6919999999991888     
   2.8099999999999841        12.6919999999991888     
   2.8199999999999839        12.6919999999991888     
   2.8299999999999836        12.6919999999991888     
   2.8399999999999834        12.6919999999991888     
   2.8499999999999832        12.6919999999991888     
   2.8599999999999830        12.6919999999991888     
   2.8699999999999828        12.6919999999991888     
   2.8799999999999826        12.6919999999991888     
   2.8899999999999824        12.6919999999991888     
   2.8999999999999821        12.6919999999991888     
   2.9099999999999819        12.6919999999991888     
   2.9199999999999817        12.6919999999991888     
   2.9299999999999815        12.6919999999991888     
   2.9399999999999813        12.6919999999991888     
   2.9499999999999811        12.6919999999991888     
   2.9599999999999809        12.6919999999991888     
   2.9699999999999807        12.6919999999991888     
   2.9799999999999804        12.6919999999991888     
   2.9899999999999802        12.6919999999991888     
   2.9999999999999800        12.6919999999991888     
   3.0099999999999798        12.6919999999991888     
   3.0199999999999796        12.6919999999991888     
   3.0299999999999794        12.6919999999991888     
   3.0399999999999792        12.6919999999991888     
   3.0499999999999790        12.6919999999991888     
   3.0599999999999787        12.6919999999991888     
   3.0699999999999785        12.6919999999991888     
   3.0799999999999783        12.6919999999991888     
   3.0899999999999781        12.6919999999991888     
   3.1199999999999775        12.6919999999991888