   0.0000000000000000        0.0000000000000000     
  0.40000000000000002        1.2800000000000009     
  0.59999999999999998        1.5700000000000012     
  0.79999999999999993        1.92999999999998085
  0.99999999999999989        2.0300000000000007     
   1.0999999999999999        2.1377777777778008888888888888889
   1.2000000000000000        2.2319999999999614
   1.3000000000000000        2.31999999999997275
   1.4000000000000001        2.4099999999999634333333333333333     
   1.6000000000000003        2.5699999999999892     
   1.7000000000000004        2.6499999999999875     
   1.8000000000000005        2.7339999999999506
   1.9000000000000006        2.7999999999999843     
   2.0000000000000004        2.8819999999999474
   2.1000000000000005        2.9499999999999593
   2.2000000000000006        3.01999999999995785
   2.3000000000000007        3.0899999999999489333333333333333
   2.4000000000000008        3.1499999999999768     
   2.5000000000000009        3.21999999999995355
   2.6000000000000010        3.2799999999999740     
   2.7000000000000011        3.3399999999999728     
   2.8000000000000012        3.4099999999999385
   2.9000000000000012        3.469999999999941
   3.0000000000000013        3.52999999999993575
   3.1000000000000014        3.5799999999999677     
   3.2000000000000015        3.6399999999999664     
   3.3000000000000016        3.69999999999994335
   3.4000000000000017        3.7499999999999640     
   3.5000000000000018        3.809999999999941
   3.6000000000000019        3.8599999999999617     
   3.7000000000000020        3.9199999999999313333333333333333
   3.8000000000000020        3.9699999999999376
   3.9000000000000021        4.0199999999999587     
   4.0000000000000018        4.0699999999999577     
   4.1000000000000014        4.1199999999999566     
   4.2000000000000011        4.1699999999999555     
   4.3000000000000007        4.2199999999999545     
   4.4000000000000004        4.2699999999999534     
   4.5000000000000000        4.3199999999999301
   4.5999999999999996        4.36999999999992905
   4.6999999999999993        4.4099999999999504     
   4.7999999999999989        4.4599999999999493     
   4.8999999999999986        4.50999999999992605
   4.9999999999999982        4.5499999999999474     
   5.0999999999999979        4.59999999999992415
   5.1999999999999975        4.6399999999999455     
   5.2999999999999972        4.68999999999992225     
   5.3999999999999968        4.7299999999999436     
   5.4999999999999964        4.7699999999999427     
   5.5999999999999961        4.81999999999991945     
   5.6999999999999957        4.8599999999999408     
   5.7999999999999954        4.8999999999999400     
   5.8999999999999950        4.9399999999999391     
   5.9999999999999947        4.98999999999991585
   6.0999999999999943        5.0299999999999372     
   6.1999999999999940        5.0699999999999363     
   6.2999999999999936        5.1099999999999355     
   6.3999999999999932        5.1499999999999346     
   6.4999999999999929        5.1899999999999338     
   6.5999999999999925        5.2299999999999329     
   6.6999999999999922        5.2699999999999321     
   6.7999999999999918        5.3099999999999312     
   6.8999999999999915        5.3499999999999304     
   6.9999999999999911        5.3899999999999295     
   7.0999999999999908        5.4199999999999289     
   7.1999999999999904        5.4599999999999280     
   7.2999999999999901        5.4999999999999272     
   7.3999999999999897        5.5399999999999263     
   7.4999999999999893        5.5799999999999255     
   7.5999999999999890        5.6099999999999248     
   7.6999999999999886        5.6499999999999240     
   7.7999999999999883        5.6899999999999231     
   7.8999999999999879        5.7199999999999225     
   7.9999999999999876        5.7599999999999216     
   8.0999999999999872        5.7899999999999210     
   8.1999999999999869        5.8299999999999201     
   8.2999999999999865        5.8599999999999195     
   8.3999999999999861        5.8999999999999186     
   8.4999999999999858        5.9399999999999178     
   8.5999999999999854        5.9699999999999172     
   8.6999999999999851        5.9999999999999165     
   8.7999999999999847        6.0399999999999157     
   8.8999999999999844        6.0699999999999150     
   8.9999999999999840        6.1099999999999142     
   9.0999999999999837        6.1399999999999135     
   9.1999999999999833        6.1699999999999129     
   9.2999999999999829        6.2099999999999120     
   9.3999999999999826        6.2399999999999114     
   9.4999999999999822        6.2699999999999108     
   9.5999999999999819        6.3099999999999099     
   9.6999999999999815        6.3399999999999093     
   9.7999999999999812        6.3699999999999086     
   9.8999999999999808        6.4099999999999078     
   9.9999999999999805        6.4399999999999071     
   10.099999999999980        6.4699999999999065     
   10.199999999999980        6.4999999999999059     
   10.299999999999979        6.5299999999999052     
   10.399999999999979        6.5599999999999046     
   10.499999999999979        6.5999999999999037     
   10.599999999999978        6.6299999999999031     
   10.699999999999978        6.6599999999999024     
   10.799999999999978        6.6899999999999018     
   10.899999999999977        6.7199999999999012     
   10.999999999999977        6.7499999999999005     
   11.099999999999977        6.7799999999998999     
   11.199999999999976        6.8099999999998992     
   11.299999999999976        6.8399999999998986     
   11.399999999999975        6.8699999999998980     
   11.499999999999975        6.8999999999998973     
   11.599999999999975        6.9299999999998967     
   11.699999999999974        6.9599999999998960     
   11.799999999999974        6.9899999999998954     
   11.899999999999974        7.0199999999998948     
   11.999999999999973        7.0499999999998941     
   12.099999999999973        7.0799999999998935     
   12.199999999999973        7.1099999999998929     
   12.299999999999972        7.1399999999998922     
   12.399999999999972        7.1699999999998916     
   12.499999999999972        7.1999999999998909     
   12.599999999999971        7.2299999999998903     
   12.699999999999971        7.2499999999998899     
   12.799999999999971        7.2799999999998892     
   12.899999999999970        7.3099999999998886     
   12.999999999999970        7.3399999999998879     
   13.099999999999969        7.3699999999998873     
   13.199999999999969        7.3999999999998867     
   13.299999999999969        7.4199999999998862     
   13.399999999999968        7.4499999999998856     
   13.499999999999968        7.4799999999998850     
   13.599999999999968        7.5099999999998843     
   13.699999999999967        7.5299999999998839     
   13.799999999999967        7.5599999999998833     
   13.899999999999967        7.5899999999998826     
   13.999999999999966        7.6199999999998820     
   14.099999999999966        7.6399999999998816     
   14.199999999999966        7.6699999999998809     
   14.299999999999965        7.6999999999998803     
   14.399999999999965        7.7199999999998798     
   14.499999999999964        7.7499999999998792     
   14.599999999999964        7.7799999999998786     
   14.699999999999964        7.7999999999998781     